117 249
118 307
127 364
141 419
162 475
195 525
239 565
289 595
346 603
402 594
451 565
495 526
527 476
547 422
560 366
568 309
570 252
155 202
188 182
228 176
267 185
306 199
386 198
424 184
463 176
501 182
533 202
345 243
345 279
345 313
345 349
309 388
326 392
344 397
362 393
381 389
205 246
229 229
261 231
288 254
258 260
226 260
402 254
427 231
459 229
484 246
462 260
430 260
261 465
296 451
326 441
344 447
362 440
390 451
424 466
391 484
363 493
344 496
324 494
295 484
275 467
326 464
344 465
363 464
410 468
362 463
344 465
326 464
157 130
217 53
280 1
409 1
470 53
528 130
